power-up @ (2025, 3, 21, 21, 23, 4, 4, 80)
power-up @ (2025, 3, 21, 21, 28, 3, 4, 80)
power-up @ (2025, 3, 21, 21, 28, 24, 4, 80)
power-up @ (2025, 3, 21, 21, 30, 6, 4, 80)
power-up @ (2025, 3, 21, 21, 31, 35, 4, 80)
power-up @ (2025, 3, 21, 21, 32, 32, 4, 80)
power-up @ (2025, 3, 21, 21, 34, 17, 4, 80)
power-up @ (2025, 3, 21, 21, 37, 1, 4, 80)
power-up @ (2025, 3, 21, 21, 38, 48, 4, 80)
power-up @ (2025, 3, 21, 21, 39, 13, 4, 80)
power-up @ (2025, 3, 21, 21, 46, 10, 4, 80)
power-up @ (2025, 3, 21, 21, 47, 55, 4, 80)
power-up @ (2025, 3, 21, 21, 48, 43, 4, 80)
power-up @ (2025, 3, 21, 21, 50, 9, 4, 80)
power-up @ (2021, 1, 1, 0, 0, 3, 4, 1)
power-up @ (2025, 3, 22, 8, 19, 34, 5, 81)
power-up @ (2025, 3, 22, 8, 22, 36, 5, 81)
power-up @ (2025, 3, 22, 8, 25, 18, 5, 81)
power-up @ (2025, 3, 22, 8, 26, 13, 5, 81)
power-up @ (2025, 3, 22, 8, 26, 51, 5, 81)
power-up @ (2025, 3, 22, 8, 29, 3, 5, 81)
power-up @ (2025, 3, 22, 8, 31, 24, 5, 81)
power-up @ (2025, 3, 22, 8, 32, 42, 5, 81)
power-up @ (2025, 3, 22, 8, 33, 45, 5, 81)
power-up @ (2025, 3, 22, 8, 35, 16, 5, 81)
power-up @ (2025, 3, 22, 8, 36, 17, 5, 81)
power-up @ (2025, 3, 22, 8, 37, 34, 5, 81)
power-up @ (2025, 3, 22, 8, 44, 21, 5, 81)
power-up @ (2025, 3, 22, 8, 47, 35, 5, 81)
power-up @ (2025, 3, 22, 8, 49, 6, 5, 81)
power-up @ (2025, 3, 22, 8, 50, 12, 5, 81)
power-up @ (2025, 3, 22, 8, 52, 22, 5, 81)
power-up @ (2025, 3, 22, 8, 53, 49, 5, 81)
power-up @ (2025, 3, 22, 8, 55, 42, 5, 81)
power-up @ (2025, 3, 22, 8, 56, 53, 5, 81)
power-up @ (2025, 3, 22, 8, 59, 31, 5, 81)
power-up @ (2025, 3, 22, 9, 1, 13, 5, 81)
power-up @ (2025, 3, 22, 9, 1, 43, 5, 81)
power-up @ (2025, 3, 22, 9, 4, 31, 5, 81)
power-up @ (2025, 3, 22, 9, 6, 28, 5, 81)
power-up @ (2025, 3, 22, 9, 8, 3, 5, 81)
power-up @ (2025, 3, 22, 9, 17, 14, 5, 81)
power-up @ (2025, 3, 22, 9, 18, 5, 5, 81)
power-up @ (2025, 3, 22, 9, 19, 46, 5, 81)
power-up @ (2025, 3, 22, 9, 22, 9, 5, 81)
power-up @ (2025, 3, 22, 9, 22, 37, 5, 81)
power-up @ (2025, 3, 22, 9, 33, 1, 5, 81)
power-up @ (2025, 3, 22, 9, 34, 48, 5, 81)
power-up @ (2025, 3, 22, 9, 35, 17, 5, 81)
power-up @ (2025, 3, 22, 9, 35, 43, 5, 81)
power-up @ (2025, 3, 22, 9, 38, 24, 5, 81)
power-up @ (2025, 3, 22, 9, 39, 41, 5, 81)
power-up @ (2025, 3, 22, 9, 40, 9, 5, 81)
power-up @ (2025, 3, 22, 9, 41, 28, 5, 81)
